-1
1, 2, 3, 4, 5, 6, 7, 8, 9, 10, 11, 12, 15, 16, 17, 18, 19, 20, 21, 22, 23, 24, 25, 26, -1
1, 6, 12, 15, 21, 26, -1
1, 6, 12, 15, 21, 26, -1
1, 6, 12, 15, 21, 26, -1
1, 2, 3, 4, 5, 6, 7, 8, 9, 10, 11, 12, 13, 14, 15, 16, 17, 18, 19, 20, 21, 22, 23, 24, 25, 26, -1
1, 6, 9, 18, 21, 26, -1
1, 6, 9, 18, 21, 26, -1
1, 2, 3, 4, 5, 6, 9, 10, 11, 12, 15, 16, 17, 18, 21, 22, 23, 24, 25, 26, -1
6, 21, -1
6, 21, -1
6, 21, -1
6, 21, -1
6, 21, -1
6, 21, -1
6, 21, -1
6, 21, -1
6, 21, -1
6, 21, -1
6, 21, -1
1, 2, 3, 4, 5, 6, 7, 8, 9, 10, 11, 12, 15, 16, 17, 18, 19, 20, 21, 22, 23, 24, 25, 26, -1
1, 6, 12, 15, 21, 26, -1
1, 6, 12, 15, 21, 26, -1
1, 2, 3, 6, 7, 8, 9, 10, 11, 12, 15, 16, 17, 18, 19, 20, 21, 24, 25, 26, -1
3, 6, 9, 18, 21, 24, -1
3, 6, 9, 18, 21, 24, -1
1, 2, 3, 4, 5, 6, 9, 10, 11, 12, 15, 16, 17, 18, 21, 22, 23, 24, 25, 26, -1
1, 12, 15, 26, -1
1, 12, 15, 26, -1
1, 2, 3, 4, 5, 6, 7, 8, 9, 10, 11, 12, 13, 14, 15, 16, 17, 18, 19, 20, 21, 22, 23, 24, 25, 26, -1
-1