0, 1, 2, 3, 4, 5, 6, 7, 8, 9, 10, 11, 12, 13, 14, 15, 16, 17, 18, 19, 20, 21, 22, 23, 24, 25, 26, 27, -1
0, 13, 14, 27, -1
0, 2, 3, 4, 5, 7, 8, 9, 10, 11, 13, 14, 16, 17, 18, 19, 20, 22, 23, 24, 25, 27, -1
0, 2, 3, 4, 5, 7, 8, 9, 10, 11, 13, 14, 16, 17, 18, 19, 20, 22, 23, 24, 25, 27, -1
0, 2, 3, 4, 5, 7, 8, 9, 10, 11, 13, 14, 16, 17, 18, 19, 20, 22, 23, 24, 25, 27, -1
0, 27, -1
0, 2, 3, 4, 5, 7, 8, 10, 11, 12, 13, 14, 15, 16, 17, 19, 20, 22, 23, 24, 25, 27, -1
0, 2, 3, 4, 5, 7, 8, 10, 11, 12, 13, 14, 15, 16, 17, 19, 20, 22, 23, 24, 25, 27, -1
0, 7, 8, 13, 14, 19, 20, 27, -1
0, 1, 2, 3, 4, 5, 7, 8, 9, 10, 11, 13, 14, 16, 17, 18, 19, 20, 22, 23, 24, 25, 26, 27, -1
5, 7, 8, 9, 10, 11, 13, 14, 16, 17, 18, 19, 20, 22, -1
5, 7, 8, 19, 20, 22, -1
5, 7, 8, 10, 11, 12, 13, 14, 15, 16, 17, 19, 20, 22, -1
0, 1, 2, 3, 4, 5, 7, 8, 10, 17, 19, 20, 22, 23, 24, 25, 26, 27, -1
10, 17, -1
0, 1, 2, 3, 4, 5, 7, 8, 10, 17, 19, 20, 22, 23, 24, 25, 26, 27, -1
5, 7, 8, 10, 11, 12, 13, 14, 15, 16, 17, 19, 20, 22, -1
5, 7, 8, 19, 20, 22, -1
5, 7, 8, 10, 11, 12, 13, 14, 15, 16, 17, 19, 20, 22, -1
0, 1, 2, 3, 4, 5, 7, 8, 10, 11, 12, 13, 14, 15, 16, 17, 19, 20, 22, 23, 24, 25, 26, 27, -1
0, 13, 14, 27, -1
0, 2, 3, 4, 5, 7, 8, 9, 10, 11, 13, 14, 16, 17, 18, 19, 20, 22, 23, 24, 25, 27, -1
0, 2, 3, 4, 5, 7, 8, 9, 10, 11, 13, 14, 16, 17, 18, 19, 20, 22, 23, 24, 25, 27, -1
0, 4, 5, 22, 23, 27, -1
0, 1, 2, 4, 5, 7, 8, 13, 14, 10, 11, 12, 13, 14, 15, 16, 17, 19, 20, 22, 23, 25, 26, 27, -1
0, 1, 2, 4, 5, 7, 8, 13, 14, 10, 11, 12, 13, 14, 15, 16, 17, 19, 20, 22, 23, 25, 26, 27, -1
0, 7, 8, 13, 14, 19, 20, 27, -1
0, 2, 3, 4, 5, 6, 7, 8, 9, 10, 11, 13, 14, 16, 17, 18, 19, 20, 21, 22, 23, 24, 25, 27, -1
0, 2, 3, 4, 5, 6, 7, 8, 9, 10, 11, 13, 14, 16, 17, 18, 19, 20, 21, 22, 23, 24, 25, 27, -1
0, 27, -1
0, 1, 2, 3, 4, 5, 6, 7, 8, 9, 10, 11, 12, 13, 14, 15, 16, 17, 18, 19, 20, 21, 22, 23, 24, 25, 26, 27, -1